1	0
2	0
3	0
4	0
5	0
6	0
7	0
8	0
9	0
10	1.19209e-07
11	1.19209e-07
12	1.19209e-07
13	0
14	1.19209e-07
15	0
16	0
17	0
18	2.38419e-07
19	1.78814e-07
20	1.19209e-07
21	0
22	2.38419e-07
23	1.78814e-07
24	1.19209e-07
25	1.19209e-07
26	3.57628e-07
27	2.38419e-07
28	1.78814e-07
29	1.19209e-07
30	3.57628e-07
31	4.76837e-07
32	0
33	4.76837e-07
34	4.76837e-07
35	0
36	3.57628e-07
37	1.78814e-07
38	2.38419e-07
39	0
40	4.17233e-07
41	4.17233e-07
42	5.96046e-07
43	2.38419e-07
44	3.57628e-07
45	0
46	1.78814e-07
47	5.96046e-08
48	4.17233e-07
49	2.98023e-07
50	4.17233e-07
51	0
52	4.76837e-07
53	5.36442e-07
54	4.17233e-07
55	2.98023e-07
56	2.98023e-07
57	3.57628e-07
58	5.36442e-07
59	5.96046e-07
60	2.98023e-07
61	4.76837e-07
62	7.15256e-07
63	0
64	0
65	0
66	7.15256e-07
67	5.96046e-07
68	7.15256e-07
69	1.78814e-07
70	9.53674e-07
71	4.76837e-07
72	3.57628e-07
73	3.57628e-07
74	3.57628e-07
75	6.55651e-07
76	4.76837e-07
77	2.38419e-07
78	1.07288e-06
79	5.96046e-07
80	6.55651e-07
81	4.76837e-07
82	6.55651e-07
83	5.36442e-07
84	8.34465e-07
85	0
86	3.57628e-07
87	9.53674e-07
88	6.55651e-07
89	1.78814e-07
90	1.3113e-06
91	0
92	1.78814e-07
93	6.55651e-07
94	5.96046e-08
95	4.76837e-07
96	7.15256e-07
97	0
98	3.57628e-07
99	7.15256e-07
100	6.55651e-07
101	2.38419e-07
102	1.43051e-06
103	1.07288e-06
104	9.53674e-07
105	0
106	8.34465e-07
107	1.13249e-06
108	1.07288e-06
109	1.13249e-06
110	5.96046e-07
111	4.76837e-07
112	1.19209e-06
113	3.57628e-07
114	1.3113e-06
115	7.15256e-07
116	8.34465e-07
117	0
118	9.53674e-07
119	0
120	5.96046e-07
121	8.34465e-07
122	8.34465e-07
123	8.34465e-07
124	8.34465e-07
125	5.96046e-07
126	1.78814e-06
127	4.17233e-07
128	0
129	3.57628e-07
130	1.90735e-06
131	1.13249e-06
132	8.34465e-07
133	1.84774e-06
134	7.15256e-07
135	9.53674e-07
136	8.34465e-07
137	1.60933e-06
138	1.78814e-07
139	1.3113e-06
140	5.96046e-07
141	1.2517e-06
142	1.49012e-06
143	1.07288e-06
144	1.72853e-06
145	4.76837e-07
146	1.72853e-06
147	7.15256e-07
148	1.66893e-06
149	1.54972e-06
150	7.7486e-07
151	1.43051e-06
152	1.66893e-06
153	0
154	2.38419e-07
155	7.7486e-07
156	6.55651e-07
157	1.72853e-06
158	7.15256e-07
159	6.55651e-07
160	1.54972e-06
161	1.13249e-06
162	5.36442e-07
163	9.53674e-07
164	7.7486e-07
165	7.7486e-07
166	1.78814e-06
167	1.37091e-06
168	1.49012e-06
169	2.20537e-06
170	2.5034e-06
171	1.43051e-06
172	3.57628e-07
173	1.13249e-06
174	1.54972e-06
175	1.43051e-06
176	7.7486e-07
177	2.26498e-06
178	1.78814e-07
179	2.32458e-06
180	1.90735e-06
181	1.43051e-06
182	2.6226e-06
183	1.78814e-06
184	2.5034e-06
185	1.54972e-06
186	7.7486e-07
187	8.34465e-07
188	2.6226e-06
189	1.54972e-06
190	1.01328e-06
191	1.3113e-06
192	1.54972e-06
193	2.02656e-06
194	2.86102e-06
195	0
196	4.17233e-07
197	2.5034e-06
198	2.08616e-06
199	1.66893e-06
200	7.7486e-07
201	8.34465e-07
202	2.74181e-06
203	1.78814e-06
204	8.34465e-07
205	7.7486e-07
206	1.78814e-06
207	1.84774e-06
208	1.43051e-06
209	2.14577e-06
210	3.09944e-06
211	1.3113e-06
212	1.54972e-06
213	1.07288e-06
214	1.84774e-06
215	2.38419e-06
216	1.37091e-06
217	2.02656e-06
218	1.3113e-06
219	1.3113e-06
220	7.7486e-07
221	0
222	5.36442e-07
223	1.37091e-06
224	1.3113e-06
225	2.26498e-06
226	2.98023e-06
227	2.6226e-06
228	1.2517e-06
229	5.96046e-07
230	2.5034e-06
231	2.14577e-06
232	2.38419e-06
233	2.14577e-06
234	3.45707e-06
235	2.44379e-06
236	1.19209e-06
237	7.15256e-07
238	3.45707e-06
239	2.74181e-06
240	7.7486e-07
241	0
242	2.02656e-06
243	5.36442e-07
244	1.01328e-06
245	2.86102e-06
246	8.9407e-07
247	5.96046e-07
248	8.9407e-07
249	2.14577e-06
250	1.3113e-06
251	3.69549e-06
252	1.01328e-06
253	1.37091e-06
254	4.17233e-07
255	0
256	0
257	0
258	3.57628e-07
259	1.3113e-06
260	2.86102e-06
261	3.57628e-06
262	1.90735e-06
263	1.78814e-06
264	8.9407e-07
265	2.92063e-06
266	2.80142e-06
267	1.78814e-07
268	3.21865e-06
269	1.78814e-06
270	1.78814e-06
271	3.33786e-06
272	8.34465e-07
273	0
274	1.43051e-06
275	8.9407e-07
276	1.78814e-07
277	3.21865e-06
278	1.78814e-06
279	2.6226e-06
280	2.74181e-06
281	2.68221e-06
282	2.02656e-06
283	3.39746e-06
284	1.66893e-06
285	3.15905e-06
286	2.86102e-06
287	2.38419e-06
288	2.74181e-06
289	2.5034e-06
290	3.8147e-06
291	2.38419e-06
292	2.74181e-06
293	1.84774e-06
294	2.80142e-06
295	1.19209e-06
296	2.74181e-06
297	8.34465e-07
298	2.6226e-06
299	1.37091e-06
300	8.34465e-07
301	1.2517e-06
302	2.02656e-06
303	2.68221e-06
304	2.74181e-06
305	1.43051e-06
306	4.52995e-06
307	1.3113e-06
308	4.29153e-06
309	2.563e-06
310	8.34465e-07
311	5.36442e-07
312	1.49012e-06
313	2.44379e-06
314	2.6226e-06
315	0
316	3.93391e-06
317	4.76837e-07
318	3.93391e-06
319	2.02656e-06
320	2.6226e-06
321	4.23193e-06
322	2.02656e-06
323	2.02656e-06
324	4.17233e-06
325	2.80142e-06
326	1.90735e-06
327	4.35114e-06
328	8.34465e-07
329	3.57628e-06
330	8.34465e-07
331	4.11272e-06
332	2.98023e-06
333	5.36442e-07
334	2.5034e-06
335	3.57628e-06
336	2.6226e-06
337	4.17233e-07
338	1.54972e-06
339	2.44379e-06
340	3.69549e-06
341	8.34465e-07
342	2.6226e-06
343	2.38419e-06
344	3.57628e-07
345	3.09944e-06
346	1.19209e-06
347	2.6226e-06
348	3.27826e-06
349	1.3113e-06
350	1.66893e-06
351	2.86102e-06
352	4.29153e-06
353	4.76837e-06
354	1.66893e-06
355	3.69549e-06
356	1.78814e-07
357	0
358	1.66893e-06
359	2.86102e-06
360	3.09944e-06
361	2.02656e-06
362	1.78814e-06
363	3.57628e-06
364	1.43051e-06
365	4.76837e-07
366	3.33786e-06
367	5.1856e-06
368	1.60933e-06
369	2.14577e-06
370	2.6226e-06
371	3.45707e-06
372	8.34465e-07
373	1.84774e-06
374	1.90735e-06
375	4.05312e-06
376	1.54972e-06
377	1.90735e-06
378	2.68221e-06
379	1.2517e-06
380	4.29153e-06
381	2.74181e-06
382	4.05312e-06
383	1.54972e-06
384	2.98023e-06
385	3.03984e-06
386	2.32458e-06
387	3.57628e-07
388	4.29153e-06
389	1.78814e-06
390	5.72205e-06
391	5.42402e-06
392	4.17233e-07
393	2.38419e-06
394	3.93391e-06
395	7.15256e-07
396	2.38419e-06
397	1.19209e-07
398	3.09944e-06
399	2.6226e-06
400	8.34465e-07
401	4.70877e-06
402	3.99351e-06
403	3.09944e-06
404	4.17233e-06
405	3.93391e-06
406	3.21865e-06
407	3.33786e-06
408	4.05312e-06
409	1.78814e-06
410	8.34465e-07
411	5.60284e-06
412	3.99351e-06
413	3.45707e-06
414	2.98023e-06
415	5.96046e-07
416	2.6226e-06
417	2.08616e-06
418	2.5034e-06
419	1.84774e-06
420	4.64916e-06
421	2.02656e-06
422	4.82798e-06
423	5.126e-06
424	1.90735e-06
425	3.45707e-06
426	2.26498e-06
427	2.02656e-06
428	2.20537e-06
429	2.02656e-06
430	3.93391e-06
431	1.72853e-06
432	2.563e-06
433	5.42402e-06
434	3.33786e-06
435	3.15905e-06
436	2.5034e-06
437	3.69549e-06
438	2.563e-06
439	2.38419e-06
440	8.34465e-07
441	4.88758e-06
442	6.55651e-06
443	3.33786e-06
444	5.96046e-06
445	4.17233e-06
446	1.66893e-06
447	1.66893e-06
448	2.563e-06
449	2.02656e-06
450	2.86102e-06
451	8.34465e-07
452	2.02656e-06
453	3.8147e-06
454	4.29153e-06
455	0
456	2.5034e-06
457	4.41074e-06
458	6.19888e-06
459	3.57628e-06
460	4.11272e-06
461	2.14577e-06
462	3.33786e-06
463	2.6226e-06
464	4.05312e-06
465	8.34465e-07
466	4.29153e-06
467	6.55651e-06
468	5.126e-06
469	3.27826e-06
470	4.05312e-06
471	5.00679e-06
472	1.3113e-06
473	3.93391e-06
474	7.15256e-07
475	5.90086e-06
476	1.84774e-06
477	4.47035e-06
478	4.52995e-06
479	7.03335e-06
480	6.19888e-06
481	2.38419e-06
482	7.15256e-06
483	5.48363e-06
484	3.69549e-06
485	3.99351e-06
486	5.36442e-07
487	2.563e-06
488	6.07967e-06
489	5.00679e-06
490	4.58956e-06
491	6.85453e-06
492	8.9407e-07
493	2.5034e-06
494	5.96046e-07
495	4.82798e-06
496	8.9407e-07
497	7.15256e-07
498	3.8743e-06
499	3.69549e-06
500	5.78165e-06
501	6.31809e-06
502	5.60284e-06
503	3.45707e-06
504	2.38419e-06
505	4.52995e-06
506	5.96046e-06
507	3.27826e-06
508	4.17233e-07
509	2.563e-06
510	7.51019e-06
511	3.33786e-06
512	0
513	3.33786e-06
514	7.62939e-06
515	3.15905e-06
516	3.57628e-07
517	2.44379e-06
518	6.25849e-06
519	1.19209e-06
520	3.33786e-06
521	1.43051e-06
522	2.26498e-06
523	4.17233e-06
524	5.48363e-06
525	5.126e-06
526	3.21865e-06
527	3.93391e-06
528	8.9407e-07
529	9.53674e-07
530	3.39746e-06
531	7.62939e-06
532	3.27826e-06
533	1.3113e-06
534	1.78814e-07
535	2.92063e-06
536	5.126e-06
537	7.62939e-06
538	5.78165e-06
539	6.19888e-06
540	2.14577e-06
541	7.7486e-06
542	2.74181e-06
543	2.563e-06
544	7.21216e-06
545	3.21865e-06
546	8.10623e-06
547	4.17233e-06
548	5.126e-06
549	5.60284e-06
550	8.9407e-07
551	4.29153e-06
552	7.98702e-06
553	6.79493e-06
554	5.126e-06
555	5.1856e-06
556	3.33786e-06
557	4.17233e-06
558	3.69549e-06
559	2.6226e-06
560	3.8743e-06
561	2.5034e-06
562	3.69549e-06
563	4.29153e-06
564	3.69549e-06
565	4.35114e-06
566	2.86102e-06
567	6.79493e-06
568	5.126e-06
569	6.61612e-06
570	3.21865e-06
571	3.8743e-06
572	4.88758e-06
573	5.36442e-06
574	5.60284e-06
575	5.84126e-06
576	3.27826e-06
577	5.72205e-06
578	4.35114e-06
579	4.64916e-06
580	5.96046e-06
581	6.97374e-06
582	4.05312e-06
583	5.24521e-06
584	3.27826e-06
585	0
586	1.96695e-06
587	3.39746e-06
588	4.17233e-06
589	6.13928e-06
590	1.3113e-06
591	3.69549e-06
592	3.21865e-06
593	3.03984e-06
594	7.92742e-06
595	0
596	4.17233e-06
597	7.62939e-06
598	7.39098e-06
599	3.57628e-06
600	8.9407e-07
601	8.9407e-06
602	2.92063e-06
603	2.6226e-06
604	3.69549e-06
605	1.78814e-06
606	4.47035e-06
607	7.15256e-06
608	3.27826e-06
609	5.24521e-06
610	5.96046e-06
611	5.36442e-06
612	6.79493e-06
613	1.07288e-06
614	7.689e-06
615	8.9407e-07
616	2.6226e-06
617	6.07967e-06
618	6.07967e-06
619	2.6226e-06
620	8.9407e-07
621	7.56979e-06
622	5.36442e-07
623	3.33786e-06
624	7.27177e-06
625	7.7486e-06
626	5.00679e-06
627	2.5034e-06
628	4.52995e-06
629	4.05312e-06
630	9.29832e-06
631	3.99351e-06
632	6.25849e-06
633	3.75509e-06
634	8.9407e-06
635	4.88758e-06
636	3.15905e-06
637	3.57628e-06
638	7.03335e-06
639	7.09295e-06
640	6.31809e-06
641	9.41753e-06
642	2.86102e-06
643	2.98023e-06
644	7.03335e-06
645	4.94719e-06
646	2.5034e-06
647	5.96046e-06
648	6.55651e-06
649	3.09944e-06
650	3.33786e-06
651	8.04663e-06
652	2.38419e-06
653	8.9407e-06
654	6.73532e-06
655	2.26498e-06
656	8.9407e-07
657	3.21865e-06
658	3.8743e-06
659	6.55651e-06
660	8.9407e-07
661	7.62939e-06
662	6.49691e-06
663	0
664	3.57628e-06
665	3.45707e-06
666	5.36442e-07
667	7.33137e-06
668	6.79493e-06
669	1.84774e-06
670	5.72205e-06
671	4.47035e-06
672	3.21865e-06
673	0
674	4.17233e-07
675	3.51667e-06
676	6.61612e-06
677	4.05312e-06
678	4.35114e-06
679	3.93391e-06
680	5.78165e-06
681	3.99351e-06
682	8.9407e-07
683	1.78814e-07
684	3.21865e-06
685	3.93391e-06
686	7.27177e-06
687	5.96046e-07
688	9.83477e-06
689	3.27826e-06
690	5.48363e-06
691	6.07967e-06
692	9.05991e-06
693	8.46386e-06
694	5.60284e-06
695	4.29153e-06
696	5.66244e-06
697	6.4373e-06
698	3.27826e-06
699	2.98023e-06
700	8.58307e-06
701	3.03984e-06
702	4.94719e-06
703	5.06639e-06
704	3.57628e-06
705	9.29832e-06
706	7.39098e-06
707	4.29153e-06
708	6.91414e-06
709	6.3777e-06
710	4.29153e-06
711	6.31809e-06
712	1.03712e-05
713	8.9407e-06
714	1.06096e-05
715	6.79493e-06
716	3.69549e-06
717	5.72205e-06
718	7.15256e-06
719	3.51667e-06
720	5.126e-06
721	7.21216e-06
722	4.05312e-06
723	0
724	1.90735e-06
725	4.76837e-07
726	4.23193e-06
727	5.48363e-06
728	7.39098e-06
729	5.36442e-07
730	1.03712e-05
731	1.90735e-06
732	5.00679e-06
733	8.22544e-06
734	7.86781e-06
735	4.23193e-06
736	3.63588e-06
737	6.19888e-06
738	6.73532e-06
739	7.51019e-06
740	3.21865e-06
741	5.1856e-06
742	6.07967e-06
743	7.45058e-06
744	8.9407e-07
745	8.10623e-06
746	8.70228e-06
747	9.47714e-06
748	8.70228e-06
749	1.06096e-05
750	6.4373e-06
751	5.126e-06
752	3.63588e-06
753	1.12057e-05
754	2.02656e-06
755	1.03116e-05
756	3.21865e-06
757	7.62939e-06
758	9.89437e-06
759	7.51019e-06
760	4.29153e-06
761	3.99351e-06
762	6.4373e-06
763	1.0848e-05
764	4.64916e-06
765	0
766	7.689e-06
767	6.07967e-06
768	6.13928e-06
769	2.74181e-06
770	7.7486e-06
771	6.07967e-06
772	4.47035e-06
773	1.37091e-06
774	3.57628e-07
775	8.9407e-07
776	5.00679e-06
777	4.94719e-06
778	9.65595e-06
779	4.17233e-06
780	2.98023e-06
781	4.52995e-06
782	8.28505e-06
783	5.126e-06
784	1.12057e-05
785	8.76188e-06
786	2.563e-06
787	2.38419e-06
788	4.64916e-06
789	4.05312e-06
790	7.15256e-07
791	4.05312e-06
792	7.15256e-06
793	7.39098e-06
794	1.19209e-07
795	8.46386e-06
796	3.8147e-06
797	1.00732e-05
798	3.21865e-06
799	8.10623e-06
800	1.09673e-05
801	6.61612e-06
802	7.62939e-06
803	5.78165e-06
804	6.3777e-06
805	3.57628e-06
806	8.16584e-06
807	7.39098e-06
808	4.88758e-06
809	7.51019e-06
810	7.39098e-06
811	2.92063e-06
812	8.10623e-06
813	6.31809e-06
814	5.72205e-06
815	1.0252e-05
816	5.60284e-06
817	4.88758e-06
818	1.96695e-06
819	0
820	8.9407e-07
821	4.11272e-06
822	8.64267e-06
823	9.47714e-06
824	5.36442e-06
825	8.9407e-07
826	8.10623e-06
827	5.48363e-06
828	6.85453e-06
829	4.29153e-06
830	1.16825e-05
831	6.4373e-06
832	3.21865e-06
833	4.64916e-06
834	9.65595e-06
835	1.12057e-05
836	9.71556e-06
837	1.07884e-05
838	1.03712e-05
839	5.96046e-06
840	5.36442e-06
841	3.99351e-06
842	9.89437e-06
843	7.15256e-06
844	7.86781e-06
845	5.72205e-06
846	8.22544e-06
847	6.55651e-06
848	1.04904e-05
849	5.126e-06
850	4.17233e-06
851	5.126e-06
852	9.77516e-06
853	1.19209e-05
854	1.04904e-05
855	1.15037e-05
856	1.0252e-05
857	6.07967e-06
858	4.41074e-06
859	4.41074e-06
860	8.04663e-06
861	4.05312e-06
862	4.11272e-06
863	9.65595e-06
864	3.15905e-06
865	7.15256e-06
866	8.58307e-06
867	5.126e-06
868	8.9407e-06
869	7.51019e-06
870	5.60284e-06
871	7.7486e-07
872	3.09944e-06
873	5.00679e-06
874	4.41074e-06
875	1.78814e-06
876	3.15905e-06
877	9.0003e-06
878	1.04904e-05
879	5.24521e-06
880	8.9407e-07
881	7.56979e-06
882	7.98702e-06
883	9.59635e-06
884	9.77516e-06
885	6.07967e-06
886	4.05312e-06
887	1.01328e-05
888	3.93391e-06
889	4.17233e-07
890	7.27177e-06
891	7.98702e-06
892	1.14441e-05
893	1.20997e-05
894	1.14441e-05
895	1.29938e-05
896	1.01328e-05
897	5.96046e-06
898	4.52995e-06
899	3.93391e-06
900	7.98702e-06
901	7.39098e-06
902	8.9407e-07
903	9.83477e-06
904	4.52995e-06
905	8.46386e-06
906	4.64916e-06
907	1.25766e-05
908	5.126e-06
909	8.46386e-06
910	1.34706e-05
911	4.11272e-06
912	3.15905e-06
913	3.57628e-06
914	7.15256e-06
915	9.89437e-06
916	4.05312e-06
917	9.41753e-06
918	6.31809e-06
919	2.6226e-06
920	4.88758e-06
921	6.19888e-06
922	1.13249e-05
923	6.4373e-06
924	6.07967e-06
925	1.21593e-05
926	2.86102e-06
927	9.05991e-06
928	4.88758e-06
929	1.09673e-05
930	8.9407e-07
931	8.70228e-06
932	6.31809e-06
933	5.36442e-07
934	1.00136e-05
935	1.15633e-05
936	7.92742e-06
937	1.0252e-05
938	6.02007e-06
939	5.24521e-06
940	4.88758e-06
941	4.88758e-06
942	8.34465e-06
943	6.85453e-06
944	1.26958e-05
945	7.39098e-06
946	4.76837e-06
947	6.91414e-06
948	1.33514e-05
949	6.31809e-06
950	9.35793e-06
951	7.98702e-06
952	4.47035e-06
953	9.29832e-06
954	7.33137e-06
955	9.77516e-06
956	8.82149e-06
957	2.68221e-06
958	1.06096e-05
959	1.37687e-05
960	4.52995e-06
961	3.93391e-06
962	3.09944e-06
963	7.15256e-06
964	1.07288e-05
965	5.36442e-06
966	5.36442e-06
967	1.03712e-05
968	6.55651e-06
969	2.74181e-06
970	4.82798e-06
971	5.54323e-06
972	1.38283e-05
973	9.65595e-06
974	3.21865e-06
975	9.65595e-06
976	9.65595e-06
977	7.27177e-06
978	8.58307e-06
979	4.64916e-06
980	9.05991e-06
981	6.3777e-06
982	4.05312e-06
983	9.29832e-06
984	8.9407e-07
985	5.96046e-06
986	1.14441e-05
987	7.86781e-06
988	5.96046e-07
989	7.7486e-06
990	6.91414e-06
991	1.06096e-05
992	1.38283e-05
993	1.38879e-05
994	1.40667e-05
995	1.34706e-05
996	1.00136e-05
997	6.4373e-06
998	6.67572e-06
999	5.36442e-07
1000	9.29832e-06
1001	1.24574e-05
1002	4.88758e-06
1003	1.90735e-06
1004	8.40425e-06
1005	3.8147e-06
1006	6.31809e-06
1007	1.0252e-05
1008	3.09944e-06
1009	1.16825e-05
1010	5.42402e-06
1011	7.51019e-06
1012	5.36442e-06
1013	4.52995e-06
1014	1.10865e-05
1015	5.36442e-06
1016	4.17233e-07
1017	1.01328e-05
1018	1.18017e-05
1019	9.59635e-06
1020	3.8743e-06
1021	5.72205e-06
1022	3.57628e-06
1023	8.9407e-07
1024	0
1025	8.9407e-07
1026	3.57628e-06
1027	5.66244e-06
1028	1.14441e-05
1029	9.47714e-06
1030	1.19209e-05
1031	1.0848e-05
1032	3.57628e-07
1033	4.11272e-06
1034	1.26362e-05
1035	5.00679e-06
1036	1.00136e-05
1037	9.65595e-06
1038	1.2517e-06
1039	1.34706e-05
1040	3.57628e-06
1041	1.21593e-05
1042	1.43051e-06
1043	1.33514e-05
1044	5.1856e-06
1045	1.15633e-05
1046	1.04904e-05
1047	4.47035e-06
1048	9.17912e-06
1049	1.37091e-05
1050	6.85453e-06
1051	5.1856e-06
1052	3.93391e-06
1053	1.00136e-05
1054	8.58307e-06
1055	1.18017e-05
1056	1.4782e-05
1057	1.4782e-05
1058	1.47223e-05
1059	1.52588e-05
1060	1.20401e-05
1061	9.65595e-06
1062	1.15633e-05
1063	5.72205e-06
1064	3.51667e-06
1065	4.23193e-06
1066	1.44839e-05
1067	5.36442e-06
1068	1.78814e-07
1069	7.45058e-06
1070	9.89437e-06
1071	0
1072	9.83477e-06
1073	8.82149e-06
1074	1.16229e-05
1075	6.19888e-06
1076	9.53674e-06
1077	5.126e-06
1078	5.90086e-06
1079	6.07967e-06
1080	1.37091e-05
1081	4.88758e-06
1082	4.29153e-06
1083	1.2219e-05
1084	5.78165e-06
1085	5.24521e-06
1086	1.04904e-05
1087	1.19209e-05
1088	1.12057e-05
1089	4.11272e-06
1090	3.45707e-06
1091	7.51019e-06
1092	1.21593e-05
1093	7.39098e-06
1094	8.82149e-06
1095	9.17912e-06
1096	7.86781e-06
1097	5.60284e-06
1098	9.41753e-06
1099	5.96046e-06
1100	8.9407e-07
1101	7.33137e-06
1102	8.82149e-06
1103	1.44243e-05
1104	1.20401e-05
1105	0
1106	5.60284e-06
1107	1.26362e-05
1108	6.07967e-06
1109	1.16229e-05
1110	1.0252e-05
1111	2.38419e-07
1112	1.23978e-05
1113	5.48363e-06
1114	9.11951e-06
1115	7.86781e-06
1116	9.71556e-06
1117	6.31809e-06
1118	1.38283e-05
1119	2.68221e-06
1120	9.41753e-06
1121	6.91414e-06
1122	2.74181e-06
1123	1.04904e-05
1124	9.83477e-06
1125	4.58956e-06
1126	7.62939e-06
1127	1.00136e-05
1128	1.2219e-05
1129	1.2219e-05
1130	5.30481e-06
1131	2.02656e-06
1132	6.07967e-06
1133	1.06096e-05
1134	5.96046e-06
1135	8.10623e-06
1136	8.34465e-06
1137	7.62939e-06
1138	6.07967e-06
1139	1.09673e-05
1140	6.4373e-06
1141	2.6226e-06
1142	4.70877e-06
1143	1.13845e-05
1144	1.11461e-05
1145	1.16825e-05
1146	9.29832e-06
1147	2.563e-06
1148	7.45058e-06
1149	1.23978e-05
1150	6.91414e-06
1151	1.0252e-05
1152	1.35899e-05
1153	4.29153e-06
1154	7.98702e-06
1155	5.72205e-06
1156	7.7486e-06
1157	1.01328e-05
1158	5.66244e-06
1159	1.15633e-05
1160	7.03335e-06
1161	9.65595e-06
1162	1.12057e-05
1163	9.17912e-06
1164	1.23978e-05
1165	2.80142e-06
1166	7.98702e-06
1167	1.11461e-05
1168	3.51667e-06
1169	1.19209e-05
1170	1.74046e-05
1171	4.70877e-06
1172	2.02656e-06
1173	8.46386e-06
1174	1.07288e-05
1175	1.62721e-05
1176	9.83477e-06
1177	1.10269e-05
1178	7.21216e-06
1179	2.5034e-06
1180	1.3113e-06
1181	3.8147e-06
1182	4.52995e-06
1183	4.41074e-06
1184	3.45707e-06
1185	7.15256e-07
1186	3.27826e-06
1187	6.07967e-06
1188	1.22786e-05
1189	1.10269e-05
1190	1.7643e-05
1191	9.65595e-06
1192	7.51019e-06
1193	3.09944e-06
1194	5.78165e-06
1195	1.70469e-05
1196	1.18017e-05
1197	3.51667e-06
1198	1.0848e-05
1199	9.05991e-06
1200	8.9407e-07
1201	1.20997e-05
1202	1.33514e-05
1203	7.15256e-06
1204	1.40667e-05
1205	0
1206	1.508e-05
1207	4.05312e-06
1208	1.3411e-05
1209	3.69549e-06
1210	1.5974e-05
1211	1.2517e-06
1212	1.26362e-05
1213	9.0003e-06
1214	1.14441e-05
1215	1.23978e-05
1216	3.51667e-06
1217	6.79493e-06
1218	1.18017e-05
1219	6.02007e-06
1220	9.65595e-06
1221	1.45435e-05
1222	8.58307e-06
1223	5.126e-06
1224	7.86781e-06
1225	8.34465e-06
1226	1.71661e-05
1227	1.16825e-05
1228	1.21593e-05
1229	7.03335e-06
1230	8.9407e-07
1231	4.05312e-06
1232	6.07967e-06
1233	9.05991e-06
1234	1.03712e-05
1235	1.10865e-05
1236	1.03712e-05
1237	9.05991e-06
1238	6.07967e-06
1239	4.05312e-06
1240	8.9407e-07
1241	7.03335e-06
1242	1.20997e-05
1243	1.15037e-05
1244	1.78814e-05
1245	9.29832e-06
1246	6.79493e-06
1247	4.35114e-06
1248	6.85453e-06
1249	1.72853e-05
1250	1.22786e-05
1251	3.03984e-06
1252	9.89437e-06
1253	1.19209e-05
1254	2.74181e-06
1255	8.10623e-06
1256	1.06096e-05
1257	2.08616e-06
1258	1.37091e-05
1259	9.17912e-06
1260	4.76837e-06
1261	8.82149e-06
1262	7.56979e-06
1263	1.07288e-05
1264	7.39098e-06
1265	1.0848e-05
1266	7.33137e-06
1267	8.58307e-06
1268	1.36495e-05
1269	1.00136e-05
1270	1.29342e-05
1271	8.9407e-07
1272	1.21593e-05
1273	6.49691e-06
1274	4.41074e-06
1275	1.23978e-05
1276	7.45058e-06
1277	4.76837e-07
1278	7.39098e-06
1279	1.5378e-05
1280	1.07884e-05
1281	2.14577e-06
1282	1.41859e-05
1283	1.5378e-05
1284	1.26362e-05
1285	1.07288e-05
1286	3.27826e-06
1287	5.84126e-06
1288	1.15633e-05
1289	8.9407e-06
1290	1.3113e-05
1291	1.77622e-05
1292	1.65105e-05
1293	1.39475e-05
1294	1.20997e-05
1295	1.11461e-05
1296	1.15037e-05
1297	1.28746e-05
1298	1.53184e-05
1299	1.82986e-05
1300	1.57356e-05
1301	1.28746e-05
1302	6.55651e-06
1303	8.70228e-06
1304	2.6226e-06
1305	6.91414e-06
1306	5.66244e-06
1307	1.508e-05
1308	1.14441e-05
1309	1.01328e-05
1310	2.5034e-06
1311	6.07967e-06
1312	1.85966e-05
1313	1.28746e-05
1314	3.51667e-06
1315	1.09076e-05
1316	1.19209e-05
1317	2.5034e-06
1318	8.46386e-06
1319	1.16825e-05
1320	8.9407e-07
1321	1.22786e-05
1322	1.22786e-05
1323	1.04308e-05
1324	1.19209e-05
1325	3.63588e-06
1326	1.96695e-05
1327	2.38419e-06
1328	1.58548e-05
1329	4.41074e-06
1330	1.60336e-05
1331	2.14577e-06
1332	1.91927e-05
1333	4.29153e-06
1334	1.12057e-05
1335	1.14441e-05
1336	1.14441e-05
1337	1.34706e-05
1338	1.90735e-06
1339	1.10865e-05
1340	9.53674e-06
1341	1.90735e-06
1342	1.16825e-05
1343	1.13845e-05
1344	3.51667e-06
1345	1.37091e-05
1346	2.00272e-05
1347	1.47223e-05
1348	4.17233e-07
1349	1.27554e-05
1350	1.56164e-05
1351	1.33514e-05
1352	1.06692e-05
1353	8.9407e-07
1354	7.86781e-06
1355	8.10623e-06
1356	1.4782e-05
1357	1.72853e-05
1358	1.24574e-05
1359	6.31809e-06
1360	1.04904e-05
1361	8.76188e-06
1362	4.94719e-06
1363	2.6226e-06
1364	8.9407e-07
1365	0
1366	1.78814e-07
1367	1.43051e-06
1368	3.51667e-06
1369	6.13928e-06
1370	7.80821e-06
1371	1.23382e-05
1372	8.28505e-06
1373	1.23382e-05
1374	1.98483e-05
1375	1.2517e-05
1376	5.48363e-06
1377	7.7486e-06
1378	3.57628e-06
1379	1.29342e-05
1380	1.38283e-05
1381	1.35899e-05
1382	1.0848e-05
1383	2.44379e-06
1384	6.4373e-06
1385	1.95503e-05
1386	1.35899e-05
1387	3.51667e-06
1388	1.09076e-05
1389	1.38283e-05
1390	4.64916e-06
1391	6.19888e-06
1392	1.38283e-05
1393	4.17233e-06
1394	9.47714e-06
1395	1.01328e-05
1396	4.23193e-06
1397	1.77622e-05
1398	6.91414e-06
1399	8.40425e-06
1400	7.15256e-06
1401	1.01328e-05
1402	1.38283e-05
1403	7.21216e-06
1404	1.49012e-05
1405	5.54323e-06
1406	1.4782e-05
1407	7.56979e-06
1408	1.34706e-05
1409	1.07884e-05
1410	6.4373e-06
1411	9.29832e-06
1412	8.70228e-06
1413	1.87755e-05
1414	5.30481e-06
1415	1.00136e-05
1416	9.89437e-06
1417	3.45707e-06
1418	1.34706e-05
1419	6.67572e-06
1420	4.64916e-06
1421	1.44243e-05
1422	1.055e-05
1423	2.44379e-06
1424	1.56164e-05
1425	1.99676e-05
1426	1.41859e-05
1427	1.19209e-06
1428	1.58548e-05
1429	1.88351e-05
1430	1.01924e-05
1431	8.88109e-06
1432	4.64916e-06
1433	1.5378e-05
1434	1.45435e-05
1435	1.65701e-05
1436	9.17912e-06
1437	1.00732e-05
1438	3.8147e-06
1439	4.64916e-06
1440	9.17912e-06
1441	1.52588e-05
1442	9.89437e-06
1443	1.22786e-05
1444	1.64509e-05
1445	1.89543e-05
1446	2.14577e-05
1447	2.01464e-05
1448	1.95503e-05
1449	1.98483e-05
1450	2.11e-05
1451	2.00272e-05
1452	1.70469e-05
1453	1.38283e-05
1454	1.18017e-05
1455	6.79493e-06
1456	1.18017e-05
1457	6.91414e-06
1458	5.36442e-07
1459	9.05991e-06
1460	1.57952e-05
1461	1.25766e-05
1462	1.97887e-05
1463	1.04904e-05
1464	9.17912e-06
1465	2.02656e-06
1466	1.3411e-05
1467	1.52588e-05
1468	1.26362e-05
1469	9.41753e-06
1470	5.24521e-06
1471	1.00136e-05
1472	1.71661e-05
1473	1.06096e-05
1474	7.51019e-06
1475	1.3113e-05
1476	1.07288e-05
1477	1.43051e-06
1478	9.29832e-06
1479	1.26362e-05
1480	3.45707e-06
1481	9.83477e-06
1482	1.23978e-05
1483	2.08616e-06
1484	1.47223e-05
1485	1.33514e-05
1486	1.19209e-05
1487	1.50204e-05
1488	8.9407e-07
1489	1.71065e-05
1490	9.53674e-06
1491	1.11461e-05
1492	1.39475e-05
1493	5.66244e-06
1494	7.27177e-06
1495	1.41263e-05
1496	8.22544e-06
1497	1.46031e-05
1498	6.07967e-06
1499	7.51019e-06
1500	1.16825e-05
1501	1.40071e-05
1502	6.19888e-06
1503	2.11596e-05
1504	4.64916e-06
1505	1.3113e-05
1506	1.68085e-05
1507	8.46386e-06
1508	2.03252e-05
1509	7.80821e-06
1510	6.55651e-06
1511	1.36495e-05
1512	3.51667e-06
1513	9.05991e-06
1514	1.35303e-05
1515	5.24521e-06
1516	1.54972e-05
1517	1.99676e-05
1518	1.20997e-05
1519	7.03335e-06
1520	1.40667e-05
1521	1.36495e-05
1522	8.22544e-06
1523	7.62939e-06
1524	1.16825e-05
1525	1.88351e-05
1526	1.65105e-05
1527	3.69549e-06
1528	8.9407e-06
1529	1.16825e-05
1530	2.2769e-05
1531	1.26362e-05
1532	1.22786e-05
1533	3.51667e-06
1534	7.27177e-06
1535	1.44243e-05
1536	1.21593e-05
1537	1.77622e-05
1538	1.98483e-05
1539	1.28746e-05
1540	9.71556e-06
1541	1.51396e-05
1542	1.06692e-05
1543	9.11951e-06
1544	5.54323e-06
1545	3.33786e-06
1546	1.37091e-06
1547	0
1548	3.57628e-07
1549	1.19209e-07
1550	8.9407e-07
1551	2.80142e-06
1552	5.36442e-06
1553	7.98702e-06
1554	9.35793e-06
1555	1.36495e-05
1556	7.80821e-06
1557	1.34706e-05
1558	1.7941e-05
1559	2.11e-05
1560	1.58548e-05
1561	7.03335e-06
1562	8.9407e-06
1563	1.43051e-06
1564	9.71556e-06
1565	7.27177e-06
1566	1.70469e-05
1567	1.66893e-05
1568	1.70469e-05
1569	4.88758e-06
1570	1.01924e-05
1571	1.15633e-05
1572	2.07424e-05
1573	6.31809e-06
1574	2.6226e-06
1575	1.32918e-05
1576	1.84178e-05
1577	1.09673e-05
1578	4.41074e-06
1579	1.47223e-05
1580	2.2769e-05
1581	1.5378e-05
1582	5.1856e-06
1583	1.55568e-05
1584	1.16825e-05
1585	4.76837e-07
1586	1.14441e-05
1587	1.34706e-05
1588	1.19209e-07
1589	1.38879e-05
1590	9.53674e-06
1591	6.07967e-06
1592	1.95503e-05
1593	1.07288e-05
1594	1.59144e-05
1595	1.57356e-05
1596	3.51667e-06
1597	2.00868e-05
1598	9.53674e-06
1599	1.12653e-05
1600	1.69277e-05
1601	1.43647e-05
1602	1.23978e-05
1603	8.46386e-06
1604	1.4782e-05
1605	7.56979e-06
1606	1.69277e-05
1607	6.91414e-06
1608	1.63317e-05
1609	8.88109e-06
1610	1.58548e-05
1611	1.0848e-05
1612	1.01328e-05
1613	1.80006e-05
1614	1.29938e-05
1615	1.5974e-05
1616	5.24521e-06
1617	2.21729e-05
1618	8.9407e-06
1619	1.01328e-05
1620	1.10865e-05
1621	6.67572e-06
1622	2.08616e-05
1623	1.09673e-05
1624	1.38283e-05
1625	1.88351e-05
1626	7.56979e-06
1627	6.07967e-06
1628	1.72853e-05
1629	7.39098e-06
1630	1.62125e-05
1631	2.07424e-05
1632	1.04308e-05
1633	8.82149e-06
1634	1.8239e-05
1635	1.00732e-05
1636	2.02656e-06
1637	1.75238e-05
1638	2.43187e-05
1639	6.19888e-06
1640	8.9407e-07
1641	1.58548e-05
1642	1.9908e-05
1643	1.27554e-05
1644	1.01328e-05
1645	7.03335e-06
1646	8.9407e-06
1647	2.15769e-05
1648	1.44839e-05
1649	1.22786e-05
1650	8.9407e-07
1651	9.89437e-06
1652	1.07288e-05
1653	1.94311e-05
1654	1.7941e-05
1655	9.83477e-06
1656	1.17421e-05
1657	5.00679e-06
1658	4.64916e-06
1659	1.0252e-05
1660	1.78814e-05
1661	1.27554e-05
1662	1.68085e-05
1663	2.24113e-05
1664	2.12789e-05
1665	1.69277e-05
1666	1.54376e-05
1667	1.16825e-05
1668	9.23872e-06
1669	6.85453e-06
1670	1.74046e-05
1671	1.62721e-05
1672	1.57952e-05
1673	1.60336e-05
1674	1.69277e-05
1675	1.8537e-05
1676	8.40425e-06
1677	1.11461e-05
1678	1.40667e-05
1679	1.51396e-05
1680	1.92523e-05
1681	2.47955e-05
1682	1.97887e-05
1683	1.5974e-05
1684	9.17912e-06
1685	1.37091e-05
1686	8.58307e-06
1687	0
1688	9.41753e-06
1689	1.63913e-05
1690	1.46031e-05
1691	2.28882e-05
1692	1.5378e-05
1693	1.83582e-05
1694	7.98702e-06
1695	5.90086e-06
1696	1.66893e-05
1697	1.63913e-05
1698	1.89543e-05
1699	1.80006e-05
1700	4.52995e-06
1701	1.01924e-05
1702	1.5378e-05
1703	1.9908e-05
1704	1.58548e-05
1705	8.9407e-07
1706	1.8239e-05
1707	2.35438e-05
1708	8.70228e-06
1709	2.02656e-06
1710	1.78218e-05
1711	2.51532e-05
1712	1.65701e-05
1713	5.1856e-06
1714	1.43647e-05
1715	1.66893e-05
1716	5.60284e-06
1717	1.80006e-05
1718	2.07424e-05
1719	8.46386e-06
1720	1.40071e-05
1721	2.28882e-05
1722	8.82149e-06
1723	1.56164e-05
1724	2.02656e-05
1725	6.67572e-06
1726	9.95398e-06
1727	1.44243e-05
1728	3.45707e-06
1729	1.89543e-05
1730	1.32322e-05
1731	1.55568e-05
1732	1.56164e-05
1733	2.44379e-06
1734	2.02656e-05
1735	9.05991e-06
1736	1.07884e-05
1737	8.34465e-06
1738	1.27554e-05
1739	1.4782e-05
1740	6.85453e-06
1741	2.20537e-05
1742	7.7486e-07
1743	2.42591e-05
1744	3.45707e-06
1745	2.12193e-05
1746	5.36442e-06
1747	2.05636e-05
1748	4.76837e-06
1749	2.24113e-05
1750	1.90735e-06
1751	2.55108e-05
1752	3.45707e-06
1753	1.96695e-05
1754	1.06096e-05
1755	1.38283e-05
1756	1.69277e-05
1757	1.62125e-05
1758	1.59144e-05
1759	6.19888e-06
1760	2.52724e-05
1761	8.52346e-06
1762	1.2517e-05
1763	1.0252e-05
1764	9.53674e-06
1765	2.57492e-05
1766	1.12057e-05
1767	6.91414e-06
1768	1.49012e-05
1769	1.13249e-06
1770	1.52588e-05
1771	1.15633e-05
1772	4.41074e-06
1773	1.58548e-05
1774	9.77516e-06
1775	4.52995e-06
1776	1.75238e-05
1777	1.2219e-05
1778	4.17233e-07
1779	1.14441e-05
1780	1.77026e-05
1781	1.00136e-05
1782	1.33514e-05
1783	2.22921e-05
1784	8.58307e-06
1785	0
1786	7.86781e-06
1787	2.47359e-05
1788	1.80006e-05
1789	1.43051e-06
1790	7.03335e-06
1791	2.52724e-05
1792	1.01924e-05
1793	5.60284e-06
1794	1.10865e-05
1795	1.69277e-05
1796	2.09808e-05
1797	1.85966e-05
1798	4.29153e-06
1799	1.0252e-05
1800	1.33514e-05
1801	2.68221e-05
1802	1.40667e-05
1803	1.25766e-05
1804	8.9407e-07
1805	1.0252e-05
1806	1.06096e-05
1807	2.07424e-05
1808	2.11e-05
1809	1.21593e-05
1810	1.39475e-05
1811	6.25849e-06
1812	5.00679e-06
1813	1.15633e-05
1814	7.62939e-06
1815	1.64509e-05
1816	2.14577e-05
1817	2.40207e-05
1818	1.69873e-05
1819	1.28746e-05
1820	6.85453e-06
1821	1.40667e-05
1822	9.17912e-06
1823	7.39098e-06
1824	3.45707e-06
1825	4.76837e-07
1826	3.93391e-06
1827	6.07967e-06
1828	8.58307e-06
1829	1.0252e-05
1830	1.15633e-05
1831	8.9407e-06
1832	9.17912e-06
1833	8.70228e-06
1834	1.10865e-05
1835	9.53674e-06
1836	7.62939e-06
1837	5.84126e-06
1838	2.74181e-06
1839	1.07288e-06
1840	5.30481e-06
1841	9.29832e-06
1842	1.14441e-05
1843	1.65105e-05
1844	9.35793e-06
1845	1.56164e-05
1846	1.96695e-05
1847	2.70605e-05
1848	2.00272e-05
1849	1.43051e-05
1850	1.89543e-05
1851	9.53674e-06
1852	2.98023e-06
1853	7.7486e-06
1854	1.55568e-05
1855	1.34706e-05
1856	2.23517e-05
1857	2.01464e-05
1858	1.01328e-05
1859	1.01328e-05
1860	8.9407e-07
1861	1.23978e-05
1862	1.3411e-05
1863	2.60472e-05
1864	1.60933e-05
1865	1.35899e-05
1866	5.36442e-07
1867	1.45435e-05
1868	1.60933e-05
1869	2.09808e-05
1870	1.83582e-05
1871	2.26498e-06
1872	1.44243e-05
1873	1.87159e-05
1874	1.58548e-05
1875	1.15633e-05
1876	7.39098e-06
1877	1.28746e-05
1878	2.22921e-05
1879	1.57356e-05
1880	5.30481e-06
1881	1.29342e-05
1882	2.18153e-05
1883	1.3113e-05
1884	1.00136e-05
1885	1.63317e-05
1886	1.56164e-05
1887	5.60284e-06
1888	1.96695e-05
1889	2.47955e-05
1890	1.29938e-05
1891	1.04308e-05
1892	2.30074e-05
1893	1.93119e-05
1894	8.34465e-06
1895	1.97291e-05
1896	7.86781e-06
1897	7.45058e-06
1898	2.0504e-05
1899	1.96695e-05
1900	1.10865e-05
1901	2.49147e-05
1902	1.37091e-05
1903	1.52588e-05
1904	2.25306e-05
1905	6.55651e-06
1906	1.33514e-05
1907	1.21593e-05
1908	8.76188e-06
1909	2.66433e-05
1910	1.15633e-05
1911	1.09076e-05
1912	1.29938e-05
1913	1.055e-05
1914	2.563e-05
1915	5.36442e-06
1916	1.61529e-05
1917	1.51396e-05
1918	2.08616e-05
1919	1.29938e-05
1920	9.89437e-06
1921	2.03848e-05
1922	4.29153e-06
1923	2.8491e-05
1924	3.45707e-06
1925	2.2769e-05
1926	8.58307e-06
1927	1.7941e-05
1928	1.2517e-05
1929	1.85966e-05
1930	1.0848e-05
1931	1.77026e-05
1932	1.07288e-05
1933	1.88947e-05
1934	1.21593e-05
1935	1.8537e-05
1936	7.98702e-06
1937	2.2769e-05
1938	2.86102e-06
1939	2.77758e-05
1940	5.24521e-06
1941	1.96695e-05
1942	1.10269e-05
1943	1.28746e-05
1944	7.86781e-06
1945	1.51396e-05
1946	1.75238e-05
1947	4.52995e-06
1948	2.53916e-05
1949	1.15633e-05
1950	1.2517e-05
1951	1.16229e-05
1952	1.14441e-05
1953	2.72989e-05
1954	8.76188e-06
1955	1.3113e-05
1956	1.37091e-05
1957	7.15256e-06
1958	2.40803e-05
1959	1.43647e-05
1960	1.5974e-05
1961	2.25902e-05
1962	7.7486e-06
1963	1.03712e-05
1964	1.96695e-05
1965	2.6226e-06
1966	1.40667e-05
1967	1.66297e-05
1968	8.9407e-07
1969	1.43051e-05
1970	1.77622e-05
1971	3.45707e-06
1972	1.09673e-05
1973	1.98483e-05
1974	9.59635e-06
1975	1.74046e-05
1976	2.8789e-05
1977	1.65105e-05
1978	9.17912e-06
1979	1.68085e-05
1980	1.66893e-05
1981	6.13928e-06
1982	1.7643e-05
1983	2.69413e-05
1984	8.34465e-06
1985	1.19209e-07
1986	8.22544e-06
1987	2.85506e-05
1988	2.14577e-05
1989	0
1990	2.08616e-05
1991	2.64645e-05
1992	1.26362e-05
1993	7.03335e-06
1994	1.21593e-05
1995	1.95503e-05
1996	2.15769e-05
1997	1.78814e-05
1998	5.36442e-07
1999	1.63317e-05
2000	1.87159e-05
2001	2.12789e-05
2002	1.97887e-05
2003	4.82798e-06
2004	1.04904e-05
2005	1.43051e-05
2006	2.7895e-05
2007	1.77026e-05
2008	1.5378e-05
2009	3.27826e-06
2010	9.41753e-06
2011	1.06096e-05
2012	2.21729e-05
2013	2.35438e-05
2014	1.26362e-05
2015	1.3411e-05
2016	3.45707e-06
2017	9.53674e-06
2018	1.88351e-05
2019	1.60933e-05
2020	2.41995e-05
2021	2.37226e-05
2022	1.65701e-05
2023	2.09212e-05
2024	1.10269e-05
2025	5.00679e-06
2026	4.88758e-06
2027	1.00136e-05
2028	1.8239e-05
2029	1.18017e-05
2030	1.91927e-05
2031	2.32458e-05
2032	2.98023e-05
2033	2.38419e-05
2034	1.82986e-05
2035	1.60336e-05
2036	1.12653e-05
2037	2.12789e-05
2038	1.66893e-05
2039	1.32322e-05
2040	9.53674e-06
2041	9.89437e-06
2042	7.15256e-06
2043	5.48363e-06
2044	3.69549e-06
2045	2.02656e-06
2046	8.9407e-07
2047	1.78814e-07
2048	0
